image_width: 1280
image_height: 720
camera_name: usb_cam_l
distortion_model: plumb_bob
distortion_coefficients:  # 表示相机的畸变系数 D
  rows: 1 
  cols: 5
  data: [0.09390202239982347, -0.08988898591199185, 0.010692504441744933, 0.00039180480076306745, 0.0]
camera_matrix:  # 表示相机的内参矩阵 K
  rows: 3
  cols: 3
  data: [727.6966447736511, 0.0, 648.4427209890612, 0.0, 727.7441851628037, 419.5106079706206, 0.0, 0.0, 1.0]
rectification_matrix: # 表示相机的矫正矩阵 R
  rows: 3
  cols: 3
  data: [1.0, 0.0, 0.0, 0.0, 1.0, 0.0, 0.0, 0.0, 1.0]
projection_matrix:  # 表示相机的投影矩阵 P
  rows: 3
  cols: 4
  data: [743.6058959960938, 0.0, 649.2937089021616, 0.0, 0.0, 742.4855346679688, 426.53737887528405, 0.0, 0.0, 0.0, 1.0, 0.0]
