image_width: 1280
image_height: 720
camera_name: usb_cam_r
distortion_model: plumb_bob
distortion_coefficients:  # 表示相机的畸变系数 D
  rows: 1 
  cols: 5
  data: [0.08405762917500259, -0.0716134656586968, 0.016300024699700787, 0.002033899443954971, 0.0]
camera_matrix:  # 表示相机的内参矩阵 K
  rows: 3
  cols: 3
  data: [728.2653876228709, 0.0, 636.5518913135435, 0.0, 731.3603026292895, 357.24441275663247, 0.0, 0.0, 1.0]
rectification_matrix: # 表示相机的矫正矩阵 R
  rows: 3
  cols: 3
  data: [1.0, 0.0, 0.0, 0.0, 1.0, 0.0, 0.0, 0.0, 1.0]
projection_matrix:  # 表示相机的投影矩阵 P
  rows: 3
  cols: 4
  data: [750.3639526367188, 0.0, 639.4519097510674, 0.0, 0.0, 752.1163940429688, 369.4668067902967, 0.0, 0.0, 0.0, 1.0, 0.0]
